 1997497 1000000 322586 19647 17447 1142 836 360 232 244 253 53
 1997497 1000000 322586 19647 17447 1170 853 363 231 259 262 55
 1997497 1000000 322586 19647 17447 1172 860 372 240 247 258 54
 1997497 1000000 322586 19647 17447 1175 861 377 234 249 259 55
 1997497 1000000 322586 19647 17447 1213 896 408 237 250 262 55
 2996998 1500000 484324 30095 26651 1727 1266 553 347 366 380 81
 2996998 1500000 484324 30095 26651 1766 1288 560 350 378 393 85
 2996998 1500000 484324 30095 26651 2136 1463 577 347 539 551 122
 2996998 1500000 484324 30095 26651 1770 1300 571 354 374 387 83
 2996998 1500000 484324 30095 26651 1770 1297 570 353 373 390 83
 3996489 2000000 644571 39592 35192 2315 1698 748 462 488 510 107
 3996489 2000000 644571 39592 35192 2412 1782 749 462 571 520 110
 3996489 2000000 644571 39592 35192 2335 1706 748 462 495 519 110
 3996489 2000000 644571 39592 35192 2376 1740 750 488 501 525 111
 3996489 2000000 644571 39592 35192 2532 1898 752 487 658 524 110
 4996057 2500000 805150 49216 43688 2904 2131 942 577 610 639 134
 4996057 2500000 805150 49216 43688 2932 2139 941 578 619 655 138
 4996057 2500000 805150 49216 43688 2929 2141 944 579 617 652 136
 4996057 2500000 805150 49216 43688 2936 2144 940 579 624 655 137
 4996057 2500000 805150 49216 43688 2937 2152 942 579 629 648 137
 5995708 3000000 966748 59436 52628 3492 2563 1135 695 731 768 161
 5995708 3000000 966748 59436 52628 3523 2573 1133 693 746 784 166
 5995708 3000000 966748 59436 52628 3517 2568 1132 692 743 783 166
 5995708 3000000 966748 59436 52628 3530 2579 1133 694 751 784 167
 5995708 3000000 966748 59436 52628 3940 2583 1138 695 749 1113 244
 6995379 3500000 1127929 69739 61739 4095 3009 1323 831 855 896 190
 6995379 3500000 1127929 69739 61739 4115 2997 1331 810 854 921 197
 6995379 3500000 1127929 69739 61739 4161 2989 1325 809 854 970 202
 6995379 3500000 1127929 69739 61739 4252 2990 1327 809 854 1039 223
 7995046 4000000 1289141 79333 70397 4660 3414 1511 926 977 1028 218
 7995046 4000000 1289141 79333 70397 5773 4465 2103 1363 998 1077 231
 7995046 4000000 1289141 79333 70397 4748 3475 1536 947 991 1050 223
 7995046 4000000 1289141 79333 70397 4791 3500 1549 952 998 1065 226
 7995046 4000000 1289141 79333 70397 4734 3464 1534 941 988 1049 221
 8994746 4500000 1450879 89719 79516 5250 3846 1705 1040 1100 1158 246
 8994746 4500000 1450879 89719 79516 5331 3892 1717 1052 1122 1187 252
 8994746 4500000 1450879 89719 79516 5454 3943 1734 1053 1154 1254 257
 8994746 4500000 1450879 89719 79516 5321 3879 1714 1046 1118 1190 252
 8994746 4500000 1450879 89719 79516 5387 3924 1730 1077 1116 1194 269
 9994512 5000000 1613093 99794 88433 5848 4287 1905 1160 1221 1288 273
 9994512 5000000 1613093 99794 88433 5913 4304 1901 1158 1244 1326 283
 9994512 5000000 1613093 99794 88433 5950 4343 1901 1156 1285 1326 281
 9994512 5000000 1613093 99794 88433 5942 4345 1904 1157 1283 1316 281
 9994512 5000000 1613093 99794 88433 6021 4371 1912 1159 1298 1354 296
 10994213 5500000 1773984 109821 97340 6422 4712 2092 1276 1343 1410 300
 10994213 5500000 1773984 109821 97340 6504 4733 2093 1273 1366 1457 314
 10994213 5500000 1773984 109821 97340 6495 4739 2094 1274 1370 1448 308
 10994213 5500000 1773984 109821 97340 6501 4738 2101 1275 1361 1455 308
 10994213 5500000 1773984 109821 97340 6812 5052 2097 1273 1681 1450 310
 11993906 6000000 1935062 119599 105963 7015 5144 2286 1391 1466 1543 328
 11993906 6000000 1935062 119599 105963 7120 5158 2284 1390 1483 1624 338
 11993906 6000000 1935062 119599 105963 7090 5161 2289 1390 1481 1593 336
 11993906 6000000 1935062 119599 105963 7160 5175 2288 1408 1477 1635 350
 11993906 6000000 1935062 119599 105963 7137 5194 2300 1393 1500 1604 339
 12993683 6500000 2096596 129791 115058 7622 5579 2480 1507 1591 1686 357
 12993683 6500000 2096596 129791 115058 7775 5650 2496 1509 1644 1753 372
 12993683 6500000 2096596 129791 115058 7736 5604 2478 1508 1617 1765 367
 12993683 6500000 2096596 129791 115058 7892 5633 2483 1506 1643 1868 391
 12993683 6500000 2096596 129791 115058 7720 5612 2489 1508 1615 1736 372
 13993456 7000000 2257872 139583 123748 8194 5999 2670 1619 1709 1811 384
 13993456 7000000 2257872 139583 123748 8435 6137 2722 1668 1746 1895 403
 13993456 7000000 2257872 139583 123748 8978 6731 2679 2290 1761 1856 391
 13993456 7000000 2257872 139583 123748 8323 6063 2683 1646 1733 1865 395
 13993456 7000000 2257872 139583 123748 8453 6170 2697 1666 1805 1886 397
 14993186 7500000 2418691 148958 132038 8775 6419 2858 1731 1829 1945 411
 14993186 7500000 2418691 148958 132038 8982 6524 2900 1761 1863 2034 424
 14993186 7500000 2418691 148958 132038 8956 6535 2909 1767 1858 2000 421
 14993186 7500000 2418691 148958 132038 8940 6526 2903 1762 1859 1995 419
 14993186 7500000 2418691 148958 132038 9614 7195 3504 1816 1873 1993 426
 15992910 8000000 2579918 159280 141116 9373 6864 3063 1849 1951 2070 439
 15992910 8000000 2579918 159280 141116 9963 7350 3360 1996 1993 2162 451
 15992910 8000000 2579918 159280 141116 9696 6946 3084 1877 1984 2268 482
 15992910 8000000 2579918 159280 141116 9670 7080 3200 1893 1986 2144 446
 15992910 8000000 2579918 159280 141116 9555 6963 3092 1879 1991 2144 448
