 1997497 1000000 322586 19647 1147 841 352 236 253 252 54
 1997497 1000000 322586 19647 1180 862 363 237 260 262 56
 1997497 1000000 322586 19647 1197 881 373 248 258 261 55
 1997497 1000000 322586 19647 1209 893 376 256 261 261 55
 1997497 1000000 322586 19647 1550 1172 516 334 321 311 67
 2996998 1500000 484324 30095 1781 1317 568 366 382 383 81
 2996998 1500000 484324 30095 1816 1334 592 359 383 397 85
 2996998 1500000 484324 30095 1779 1306 556 359 390 390 83
 2996998 1500000 484324 30095 1803 1326 568 367 391 393 84
 2996998 1500000 484324 30095 1823 1350 572 368 409 390 83
 3996489 2000000 644571 39592 2354 1732 745 478 508 514 108
 3996489 2000000 644571 39592 2373 1745 759 477 508 518 110
 3996489 2000000 644571 39592 2526 1892 746 477 668 523 111
 3996489 2000000 644571 39592 2400 1756 750 484 521 531 113
 3996489 2000000 644571 39592 2402 1765 759 486 519 526 111
 4996057 2500000 805150 49216 2954 2175 940 597 637 644 135
 4996057 2500000 805150 49216 2959 2178 943 597 637 646 135
 4996057 2500000 805150 49216 3121 2197 945 600 651 758 166
 4996057 2500000 805150 49216 3086 2296 940 598 758 653 137
 4996057 2500000 805150 49216 3135 2306 955 717 632 684 145
 5995708 3000000 966748 59436 3565 2623 1138 719 765 778 164
 5995708 3000000 966748 59436 3551 2613 1132 718 762 775 163
 5995708 3000000 966748 59436 3591 2629 1133 719 776 793 169
 5995708 3000000 966748 59436 3605 2624 1130 719 774 811 170
 5995708 3000000 966748 59436 3701 2750 1128 719 901 784 167
 6995379 3500000 1127929 69739 4148 3050 1322 837 890 906 192
 6995379 3500000 1127929 69739 4145 3050 1323 837 889 903 192
 6995379 3500000 1127929 69739 4186 3065 1326 837 901 922 199
 6995379 3500000 1127929 69739 4643 3260 1335 837 1088 1137 246
 6995379 3500000 1127929 69739 4180 3059 1322 837 899 924 197
 7995046 4000000 1289141 79333 4737 3484 1509 959 1015 1034 219
 7995046 4000000 1289141 79333 4767 3507 1531 958 1017 1039 221
 7995046 4000000 1289141 79333 4771 3495 1512 957 1024 1052 224
 7995046 4000000 1289141 79333 4805 3505 1519 958 1027 1074 226
 7995046 4000000 1289141 79333 5256 3659 1509 956 1193 1312 285
 8994746 4500000 1450879 89719 5389 3950 1727 1078 1143 1187 252
 8994746 4500000 1450879 89719 5356 3939 1712 1080 1146 1169 248
 8994746 4500000 1450879 89719 5425 3983 1704 1074 1203 1187 255
 8994746 4500000 1450879 89719 5386 3934 1704 1077 1152 1196 256
 8994746 4500000 1450879 89719 5383 3935 1706 1075 1153 1193 255
 9994512 5000000 1613093 99794 5959 4365 1895 1194 1274 1315 279
 9994512 5000000 1613093 99794 5946 4367 1898 1197 1270 1303 276
 9994512 5000000 1613093 99794 5978 4397 1925 1198 1273 1304 277
 9994512 5000000 1613093 99794 5993 4371 1899 1196 1275 1342 280
 9994512 5000000 1613093 99794 5969 4370 1899 1195 1276 1319 280
 10994213 5500000 1773984 109821 6567 4816 2098 1317 1400 1445 306
 10994213 5500000 1773984 109821 6565 4818 2097 1319 1402 1441 306
 10994213 5500000 1773984 109821 6568 4820 2101 1318 1400 1441 307
 10994213 5500000 1773984 109821 6558 4813 2094 1320 1398 1440 305
 10994213 5500000 1773984 109821 6576 4822 2102 1318 1402 1448 306
 11993906 6000000 1935062 119599 7171 5261 2292 1439 1529 1575 335
 11993906 6000000 1935062 119599 7213 5255 2286 1440 1528 1616 342
 11993906 6000000 1935062 119599 7183 5266 2294 1440 1531 1582 335
 11993906 6000000 1935062 119599 7159 5252 2287 1437 1527 1572 335
 11993906 6000000 1935062 119599 7152 5251 2283 1438 1528 1568 333
 12993683 6500000 2096596 129791 7764 5696 2479 1558 1658 1704 364
 12993683 6500000 2096596 129791 7756 5690 2477 1558 1654 1705 361
 12993683 6500000 2096596 129791 7758 5689 2478 1556 1653 1708 361
 12993683 6500000 2096596 129791 7774 5701 2486 1559 1655 1711 362
 12993683 6500000 2096596 129791 7792 5711 2489 1560 1661 1716 365
 13993456 7000000 2257872 139583 8361 6134 2673 1676 1783 1838 389
 13993456 7000000 2257872 139583 8347 6127 2673 1674 1779 1833 387
 13993456 7000000 2257872 139583 8351 6128 2672 1675 1780 1833 390
 13993456 7000000 2257872 139583 8383 6147 2685 1678 1783 1845 391
 13993456 7000000 2257872 139583 8411 6178 2693 1678 1806 1842 391
 14993186 7500000 2418691 148958 9009 6603 2883 1793 1926 1991 415
 14993186 7500000 2418691 148958 8946 6564 2865 1791 1907 1968 414
 14993186 7500000 2418691 148958 9006 6575 2874 1792 1908 2010 421
 14993186 7500000 2418691 148958 8980 6591 2871 1793 1927 1973 416
 14993186 7500000 2418691 148958 8957 6564 2868 1791 1904 1979 414
 15992910 8000000 2579918 159280 9545 6999 3057 1911 2031 2102 444
 15992910 8000000 2579918 159280 9627 7034 3073 1914 2046 2142 451
 15992910 8000000 2579918 159280 9550 7001 3056 1911 2033 2104 445
 15992910 8000000 2579918 159280 9541 6996 3054 1909 2031 2103 442
 15992910 8000000 2579918 159280 9698 7012 3061 1912 2037 2215 471
