 1997497 1000000 19647 1148 837 361 228 246 252 54
 1997497 1000000 19647 1179 857 365 242 250 261 56
 1997497 1000000 19647 1194 873 375 239 258 259 56
 1997497 1000000 19647 1197 875 388 237 250 260 56
 1997497 1000000 19647 1185 860 381 232 246 264 55
 2996998 1500000 30095 1753 1277 556 351 369 384 84
 2996998 1500000 30095 1797 1287 558 349 378 417 86
 2996998 1500000 30095 1800 1304 561 356 386 400 87
 2996998 1500000 30095 1890 1367 570 420 376 426 88
 2996998 1500000 30095 1762 1286 563 350 372 384 84
 3996489 2000000 39592 2415 1755 753 499 503 535 114
 3996489 2000000 39592 2400 1753 765 472 516 523 113
 3996489 2000000 39592 2414 1762 763 469 529 528 114
 3996489 2000000 39592 2413 1761 788 472 499 529 113
 3996489 2000000 39592 2431 1795 809 478 507 514 111
 4996057 2500000 49216 3004 2170 956 589 624 680 142
 4996057 2500000 49216 2988 2192 958 591 642 645 138
 4996057 2500000 49216 2974 2163 954 588 620 654 144
 4996057 2500000 49216 2977 2170 948 583 639 653 140
 4996057 2500000 49216 3123 2332 966 598 766 640 138
 5995708 3000000 59436 3566 2601 1155 704 740 782 169
 5995708 3000000 59436 3577 2613 1155 717 739 780 169
 5995708 3000000 59436 3590 2625 1159 726 740 781 168
 5995708 3000000 59436 3554 2582 1128 700 753 787 170
 5995708 3000000 59436 3701 2721 1210 718 791 794 171
 6995379 3500000 69739 4215 3088 1391 815 881 912 197
 6995379 3500000 69739 4319 3170 1492 814 862 930 202
 6995379 3500000 69739 4161 3034 1356 814 863 912 198
 6995379 3500000 69739 4214 3075 1323 818 933 922 200
 6995379 3500000 69739 4254 3064 1348 838 876 967 206
 7995046 4000000 79333 4730 3445 1525 934 985 1041 224
 7995046 4000000 79333 4729 3443 1523 932 987 1041 226
 7995046 4000000 79333 4760 3464 1545 933 985 1047 230
 7995046 4000000 79333 4836 3504 1533 933 1037 1076 236
 7995046 4000000 79333 4804 3492 1539 951 1001 1063 229
 8994746 4500000 89719 5331 3869 1711 1049 1107 1181 259
 8994746 4500000 89719 5338 3886 1729 1048 1108 1176 255
 8994746 4500000 89719 5350 3903 1728 1065 1109 1172 253
 8994746 4500000 89719 5370 3879 1708 1046 1125 1211 258
 8994746 4500000 89719 5596 4051 1823 1075 1153 1245 278
 9994512 5000000 99794 5925 4316 1914 1169 1232 1302 282
 9994512 5000000 99794 5933 4320 1921 1166 1232 1306 283
 9994512 5000000 99794 5939 4305 1899 1164 1240 1324 287
 9994512 5000000 99794 6063 4409 1949 1189 1269 1342 288
 10994213 5500000 109821 6732 4868 2131 1307 1429 1504 332
 10994213 5500000 109821 6639 4829 2133 1303 1391 1463 321
 10994213 5500000 109821 6669 4850 2140 1345 1363 1473 319
 10994213 5500000 109821 6728 4908 2137 1413 1357 1473 319
 10994213 5500000 109821 6638 4847 2143 1314 1389 1450 315
 11993906 6000000 119599 7250 5310 2338 1488 1483 1558 354
 11993906 6000000 119599 7258 5253 2288 1429 1535 1629 347
 11993906 6000000 119599 7261 5258 2286 1402 1569 1628 346
 11993906 6000000 119599 7219 5236 2312 1405 1518 1609 346
 11993906 6000000 119599 7468 5529 2535 1463 1530 1571 339
 12993683 6500000 129791 7748 5656 2517 1530 1608 1689 372
 12993683 6500000 129791 7819 5654 2502 1520 1631 1751 382
 12993683 6500000 129791 7808 5666 2515 1520 1630 1736 375
 12993683 6500000 129791 7923 5765 2614 1519 1631 1753 375
 12993683 6500000 129791 7733 5670 2542 1553 1574 1672 361
 13993456 7000000 139583 8391 6137 2730 1673 1733 1825 396
 13993456 7000000 139583 8472 6125 2684 1660 1780 1893 420
 13993456 7000000 139583 8429 6124 2681 1662 1780 1866 404
 13993456 7000000 139583 8408 6086 2690 1643 1752 1879 409
 13993456 7000000 139583 8591 6320 2815 1704 1800 1838 399
 14993186 7500000 148958 9019 6576 2944 1781 1850 1984 423
 14993186 7500000 148958 9066 6587 2884 1774 1928 2007 436
 14993186 7500000 148958 8997 6524 2873 1769 1881 2004 433
 14993186 7500000 148958 9083 6560 2872 1783 1904 2039 438
 14993186 7500000 148958 9031 6582 2924 1779 1878 1984 429
 15992910 8000000 159280 9721 7123 3229 1922 1971 2108 452
 15992910 8000000 159280 9649 7016 3097 1915 2003 2133 461
 15992910 8000000 159280 9733 7117 3153 1916 2047 2119 457
 15992910 8000000 159280 9884 7265 3105 1900 2258 2126 454
 15992910 8000000 159280 9711 7081 3175 1880 2025 2128 464
