 1997497 1000000 19647 85756 834 364 228 241 330 84586
 1997497 1000000 19647 85642 821 353 227 240 330 84486
 1997497 1000000 19647 85611 823 355 227 241 332 84451
 1997497 1000000 19647 86102 857 375 234 247 335 84905
 1997497 1000000 19647 86121 867 378 234 254 334 84915
 2996998 1500000 30095 197980 1285 562 352 370 513 196174
 2996998 1500000 30095 198105 1285 562 352 370 512 196300
 2996998 1500000 30095 198601 1289 565 351 372 520 196784
 2996998 1500000 30095 198492 1292 565 354 372 516 196676
 2996998 1500000 30095 198226 1291 567 352 372 511 196415
 3996489 2000000 39592 348628 1716 754 466 495 690 346212
 3996489 2000000 39592 348502 1722 761 467 492 687 346083
 3996489 2000000 39592 348948 1949 754 467 727 704 346281
 3996489 2000000 39592 347819 1722 758 468 495 687 345399
 3996489 2000000 39592 348877 1726 759 470 495 692 346449
 4996057 2500000 49216 537511 2182 955 593 633 864 534452
 4996057 2500000 49216 538578 2227 958 632 636 866 535472
 4996057 2500000 49216 538780 2326 1016 690 619 872 535569
 4996057 2500000 49216 538729 2400 957 588 855 888 535423
 4996057 2500000 49216 538323 2158 951 585 620 864 535288
 5995708 3000000 59436 776298 2617 1152 711 753 1041 772625
 5995708 3000000 59436 776034 2605 1154 706 743 1057 772357
 5995708 3000000 59436 777569 2632 1171 719 741 1046 773876
 5995708 3000000 59436 776705 3366 1645 967 752 1044 772280
 5995708 3000000 59436 778375 2590 1143 703 743 1038 774731
 6995379 3500000 69739 1063311 3038 1348 826 863 1222 1059034
 6995379 3500000 69739 1063869 3014 1331 816 866 1227 1059611
 6995379 3500000 69739 1070975 3014 1332 816 865 1228 1066716
 6995379 3500000 69739 1064369 3065 1347 835 881 1219 1060067
 6995379 3500000 69739 1064111 3023 1335 821 866 1222 1059849
 7995046 4000000 79333 1386184 3486 1556 913 1017 1405 1381273
 7995046 4000000 79333 1385707 3456 1549 918 988 1414 1380816
 7995046 4000000 79333 1386904 3489 1561 935 992 1408 1381988
 7995046 4000000 79333 1386796 3473 1545 937 990 1406 1381898
 7995046 4000000 79333 1387556 3462 1527 939 995 1408 1382666
 8994746 4500000 89719 1756674 3918 1738 1068 1111 1582 1751151
 8994746 4500000 89719 1758200 3853 1717 1040 1095 1584 1752742
 8994746 4500000 89719 1757623 3885 1720 1051 1113 1584 1752131
 8994746 4500000 89719 1758406 3886 1720 1053 1112 1592 1752907
 8994746 4500000 89719 1760611 3890 1719 1055 1115 1593 1755106
 9994512 5000000 99794 2176699 4432 1923 1256 1253 1788 2170453
 9994512 5000000 99794 2180138 4365 1938 1188 1238 1767 2173981
 9994512 5000000 99794 2175412 4338 1931 1169 1237 1770 2169279
 9994512 5000000 99794 2177416 4350 1942 1170 1237 1769 2171273
 9994512 5000000 99794 2175744 4340 1923 1174 1243 1765 2169615
 10994213 5500000 109821 2636731 4888 2128 1324 1435 1946 2629870
 10994213 5500000 109821 2636998 4755 2108 1286 1360 1944 2630272
 10994213 5500000 109821 2638067 4942 2294 1288 1359 1952 2631147
 10994213 5500000 109821 2639720 4768 2108 1293 1366 1943 2632982
 11993906 6000000 119599 3129322 5183 2291 1403 1489 2156 3121955
 11993906 6000000 119599 3133205 5254 2301 1441 1511 2137 3125784
 11993906 6000000 119599 3133634 5223 2332 1405 1485 2125 3126258
 11993906 6000000 119599 3133468 5212 2321 1406 1485 2122 3126105
 11993906 6000000 119599 3131195 5211 2310 1411 1489 2132 3123823
 12993683 6500000 129791 3681704 5653 2513 1527 1612 2311 3673710
 12993683 6500000 129791 3683237 5815 2519 1548 1747 2328 3675050
 12993683 6500000 129791 3683584 5622 2488 1525 1608 2319 3675612
 12993683 6500000 129791 3685924 5618 2487 1521 1609 2337 3677938
 12993683 6500000 129791 3686818 5659 2509 1530 1619 2316 3678812
 13993456 7000000 139583 4262753 6131 2745 1647 1738 2496 4254092
